[VERSION]
major =1
minor =0

[GENERALENGINEDATA]
engine_type =1
fuel_flow_scalar =0.6
min_throttle_limit =-0.2
master_ignition_switch =0
starter_type =2
max_contrail_temperature =-39.707
Engine.0 = -10.278,-64.264,-3.659
Engine.1 = 10.969,-30.511,-7.415
Engine.2= 10.969,30.511,-7.415
Engine.3= -10.278,64.264,-3.659
ThrustAnglesPitchHeading.0 = 0,0
ThrustAnglesPitchHeading.1 = 0,0
ThrustAnglesPitchHeading.2= 0,0
ThrustAnglesPitchHeading.3= 0,0
accumulated_time_hobbs_min_pct_rpm=0
accumulated_time_hobbs_min_knots=0



[DISABLED_CONTROLS]
DisableFuelValveControls =0
DisableMixtureControls =1
DisableParkingBrakeControls =0
DisablePropellerControls =1

DisableAutopilotControls=0

[TURBINEENGINEDATA]
fuel_flow_gain=0.002
low_idle_n1=19.5
low_idle_n2=58.5
inlet_area=33.2
rated_N2_rpm=29920
static_thrust=34000
reverser_available=1.5
reverser_mach_controlled=0
afterburner_available=0
afterburner_throttle_threshold=0
ThrustSpecificFuelConsumption=0.3
AfterBurnThrustSpecificFuelConsumption=0
use_commanded_Ne_Table=0
use_corrected_N2_from_FF_table=0
use_n2_to_n1_table=0
use_old_fuelflow_simvar=0
use_gross_thrust_on_fuelflow=0
n1_and_mach_on_thrust_table=0.000000:0.000000:0.900000,0.000000:0.000000:0.000000,20.000000:0.025400:0.114000,25.000000:0.050800:0.222000,30.000000:0.079800:0.350000,35.000000:0.112500:0.451000,40.000000:0.152400:0.545000,45.000000:0.199500:0.640000,50.000000:0.254000:0.754000,55.000000:0.360000:0.869000,60.000000:0.480000:0.953000,65.000000:0.572000:1.040000,70.000000:0.653000:1.126000,75.000000:0.727000:1.210000,80.000000:0.788000:1.295000,85.000000:0.875000:1.378000,90.000000:0.985000:1.478000,95.000000:1.061000:1.578000,100.000000:1.153000:1.668000,105.000000:1.237000:1.778000,110.000000:1.338000:1.845000
corrected_airflow_table=0.000000:0.000000:0.900000,0.000000:0.000000:0.000000,20.000000:4.290000:14.081000,85.000000:22.000000:24.000000,90.000000:25.000000:25.000000,95.000000:27.000000:27.000000,100.000000:28.000000:28.000000,105.000000:29.000000:29.000000,110.000000:30.000000:30.000000
n2_and_mach_to_epr_table=0:0:0.45:0.9:0:0:0:0:0,0:0:0:0:0:0:0:0:0,56:0.751:0.751:1.86:0:0:0:0:0,90:0.957:0.957:3.28:0:0:0:0:0,110:1:1:4.23:0:0:0:0:0,0:0:0:0:0:0:0:0:0,0:0:0:0:0:0:0:0:0,0:0:0:0:0:0:0:0:0,0:0:0:0:0:0:0:0:0,0:0:0:0:0:0:0:0:0
epr_max=1.4
epr_tc=14
epr_tuning_constant=1
oil_temp_cooling_constant=0.21
oil_temp_heating_constant=700
oil_temp_tc=0.03
oil_temp_tuning_constant=1
oil_temp_factor_from_rpm=0.000000:0.800000, 250.000000:0.800000, 500.000000:0.800000, 2500.000000:1.000000, 4000.000000:1.000000
oil_press_max=8640.2
oil_press_tc=0.8
oil_press_tuning_constant=1
itt_peak_temperature=2141
itt_tc=2
itt_tuning_constant=1
egt_peak_temperature=1600
egt_tc=2
egt_tuning_constant=1
variable_inlet=0
primary_nozzle_available=0
starter_N1_max_pct=12
starter_N1_rate=12
ignition_auto_type=
min_condition_lever_for_combustion=0.01
min_n1_for_combustion=10
min_n2_for_combustion=19.4
min_n1_for_starter_cutoff=200
min_n2_for_starter_cutoff=200
min_n2_for_apu_bleed_air_cutoff=200
n1_normal_tc=0.5
n1_start_max_rate=1
n1_start_combustion_max_rate=2
idle_fuel_flow=600
idle_high_fuel_flow=40
min_n2_for_fuel_flow=22
high_n1=92.4
high_n2=95.2
high_fuel_flow=4600
mach_influence_on_n1=10
fuel_flow_max=5000
fuel_flow_controller_p=0.5
fuel_flow_controller_i=0.01
fuel_flow_controller_d=0.1
fuel_flow_controller_iboundary=10
fuel_flow_controller_dboundary=100
max_torque_protection=0
max_n1_protection=104
max_n2_protection=105
max_egt_protection=2000
fuel_flow_max_itt_factor=2
fuel_flow_min_itt_factor=0.9
n1_cooling_factor=0.01
n2_from_bleed_air_psi_table=0:0,4:8,10:18,18:25
bleed_air_on_n2_tc=1
N1_to_oil_pressure_table=0:0,0.21:0.71,0.9:0.989,1:1

[JET_ENGINE]
thrust_scalar=1
thrust_limit = 1

[PROPELLER]
propeller_type = 0
propeller_diameter = 6.883
propeller_blades = 2
propeller_moi = 0
beta_max = 65
beta_min = 15
min_gov_rpm = 0
prop_tc = 0.1
gear_reduction_ratio = 1
fixed_pitch_beta = 20
power_absorbed_cf = 0
